1
2200
1200
409
967
16
352,272,487,93,0,52,1,1,MOVING,0
884,1011,44,41,0,0,0,0,BOUNCING,20
700,753,70,59,0,0,0,0,DROPPING,0
630,753,70,59,0,0,0,0,DROPPING,0
560,753,70,59,0,0,0,0,DROPPING,0
490,753,70,59,0,0,0,0,DROPPING,0
420,753,70,59,0,0,0,0,DROPPING,0
350,753,70,59,0,0,0,0,DROPPING,0
280,753,70,59,0,0,0,0,DROPPING,0
210,753,70,59,0,0,0,0,DROPPING,0
1050,383,71,65,0,0,0,0,BOUNCING,17
1190,383,71,65,0,0,0,0,BOUNCING,17
1820,630,70,70,0,0,0,0,DROPPING,0
1960,490,70,70,0,0,0,0,DROPPING,0
1820,350,70,70,0,0,0,0,DROPPING,0
1960,209,70,70,0,0,0,0,DROPPING,0
7
823,1002
772,704
160,651
287,302
852,304
1478,302
1760,723