1
2500
1700
960
1410
16
1626,1134,62,58,0,0,1,1,BOUNCING,20
701,712,62,58,0,0,1,1,BOUNCING,20
1186,420,70,70,0,0,0,0,DROPPING,0
1330,321,70,70,0,0,0,0,DROPPING,0
1470,246,70,70,0,0,0,0,DROPPING,0
1610,246,70,70,0,0,0,0,DROPPING,0
1750,246,70,70,0,0,0,0,DROPPING,0
1785,246,70,70,0,0,0,0,DROPPING,0
1855,246,70,70,0,0,0,0,DROPPING,0
1540,246,70,70,0,0,1,1,BOUNCING,10
1680,246,70,70,0,0,1,1,BOUNCING,10
1820,246,70,70,0,0,1,1,BOUNCING,10
1890,246,70,70,0,0,1,1,BOUNCING,10
71,984,72,26,0,0,1,1,ICE,0
249,887,129,31,0,0,1,1,ICE,0
424,770,137,34,0,0,1,1,ICE,0
5
1781,1142
1555,722
606,719
12,934
794,370